5446441916
5446591207
5444175327
5444330823
5442751764
5442820837
5440655052
5440751046
5438453741
5438549024
5438638188
5444178849
5444388252
5444494373
5442431843
5442547543
5442650443
5440263095
5440415563
5435088712
5431446895
5431538040
5431601321
5427540191
5427676801
5426300971
5426386100
5424926416
5424997384
5422803635
5423061037
5430896208
5430985653
5429641521
5429727822
5427306689
5427306689
5427445398
5425725505
5425789240
5425841057
5424314817
5424454434
5422344938
5422419527
5429075170
5429159069
5429251432
5428163863
5428236650
5426469732
5426566982
5426647555
5424574633
5424708154
5424817213
5420618197
5420743310
5420923498
5416982140
5417091689
5416562127
5416671033
5416805624
5442154357
5442295638
5440527837
5440659407
5440750345
5436687468
5436872195
5436796157
5434771112
5434906124
5433470676
5433568445
5433643476
5424926416
5424997384
5449806735
5449919699
5445755494
5445823779
5445905395
5445988461
5441922106
5442025796
5441622899
5441707138
5441760946
5439682811
5439776263
5439847114
5437852829
5437954697
5436148148
5436277839
5439854482
5439938867
5436299767
5445466558
5445543933
5443302080